%YAML:1.0
---
r_width: 640
r_height: 480
r_intrin: !!opencv-matrix
   rows: 3
   cols: 3
   dt: d
   data: [ 6.1442700195312500e+02, 0., 3.0505984497070312e+02, 0.,
       6.1442706298828125e+02, 2.3460136413574219e+02, 0., 0., 1. ]
r_coeffs: !!opencv-matrix
   rows: 1
   cols: 5
   dt: d
   data: [ 0., 0., 0., 0., 0. ]
d_width: 640
d_height: 480
d_intrin: !!opencv-matrix
   rows: 3
   cols: 3
   dt: d
   data: [ 4.7281542968750000e+02, 0., 3.1073025512695312e+02, 0.,
       4.7281546020507812e+02, 2.4562081909179688e+02, 0., 0., 1. ]
d_coeffs: !!opencv-matrix
   rows: 1
   cols: 5
   dt: d
   data: [ 8.9363038539886475e-02, 2.2617547214031219e-01,
       5.0728148780763149e-03, 7.2761224582791328e-03,
       -1.1027720570564270e-01 ]
dMr: !!opencv-matrix
   rows: 4
   cols: 4
   dt: d
   data: [ 9.9999922513948269e-01, -1.1919227113879637e-03,
       -3.5922216241016049e-04, -2.8699569891959480e-02,
       1.1900849775788537e-03, 9.9998643416309496e-01,
       -5.0733823481635227e-03, 8.0930022298736333e-03,
       3.6526437886469669e-04, 5.0729511440399900e-03,
       9.9998706579073726e-01, -3.5535405426222397e-03, 0., 0., 0., 1. ]
