%YAML:1.0
---
r_width: 640
r_height: 480
r_intrin: !!opencv-matrix
   rows: 3
   cols: 3
   dt: d
   data: [ 6.1988183593750000e+02, 0., 3.1380581665039062e+02, 0.,
       6.1988195800781250e+02, 2.3627191162109375e+02, 0., 0., 1. ]
r_coeffs: !!opencv-matrix
   rows: 1
   cols: 5
   dt: d
   data: [ 0., 0., 0., 0., 0. ]
d_width: 640
d_height: 480
d_intrin: !!opencv-matrix
   rows: 3
   cols: 3
   dt: d
   data: [ 4.7500756835937500e+02, 0., 3.1123605346679688e+02, 0.,
       4.7500756835937500e+02, 2.4536894226074219e+02, 0., 0., 1. ]
d_coeffs: !!opencv-matrix
   rows: 1
   cols: 5
   dt: d
   data: [ 1.3265028595924377e-01, 1.0759306699037552e-01,
       2.1325356792658567e-03, 6.1199069023132324e-03,
       7.0105403661727905e-02 ]
dMr: !!opencv-matrix
   rows: 4
   cols: 4
   dt: d
   data: [ 9.9999326467523231e-01, -3.5490322512069078e-03,
       9.3540082680026190e-04, -3.9704347995163277e-02,
       3.5535996518079637e-03, 9.9998157100115537e-01,
       -4.9272739341887136e-03, 8.5989203683442046e-03,
       -9.1789652133921265e-04, 4.9305648123666584e-03,
       9.9998742341920477e-01, -3.9648293628476239e-03, 0., 0., 0., 1. ]
