%YAML:1.0
---
hand_eye_type: "eye_in_hand" # eye_in_hand or eye_to_hand
eye_in_hand: {
    rMe_camera: [0.000159897,   -0.775451,   -0.631407,    -0.11253,
                    0.915803,    0.253704,   -0.311351,     0.43378,
                    0.401628,   -0.578195,    0.710201,     0.39202,
                           0,           0,           0,           1],
    eMc: [-0.04303105911,   0.9133704161,  -0.4048491211,  -0.07032521523,
            0.7833204313,   0.2823677769,    0.553784742,  -0.02167688102,
            0.6201269466,  -0.2932966442,  -0.7276122928,  -0.05505596808,
                       0,              0,              0,               1]
    }
eye_to_hand: {
    rMc: []
    }

relative_motion: 0
rMe_base: []

catch_pose: [{
    id: 0,
    cMo: [  -0.998991,  -0.0165662,   0.0417614,   -0.033542,
            0.0183376,   -0.998933,   0.0423978, -0.00966839,
            0.0410145,   0.0431208,    0.998228,     0.35845,
                    0,           0,           0,           1],
    rMe: [   -0.720187,    -0.693779,  0.000395526,      -0.0046,
              0.693778,    -0.720187,   -0.0013504,      0.36906,
            0.00122173, -0.000698131,     0.999999,      0.26232,
                     0,            0,            0,            1]
    },
    {
    id: 1,
    cMo: [   0.999138,   0.0144605,  0.0388917,  -0.0358793,
           -0.0162558,    0.998798,  0.0462547, -0.00891733,
           -0.0381762,  -0.0468472,   0.998171,    0.358627,
                    0,           0,          0,           1],
    rMe: [   -0.720187,    -0.693779,  0.000395526,      -0.0046,
              0.693778,    -0.720187,   -0.0013504,      0.36906,
            0.00122173, -0.000698131,     0.999999,      0.26232,
                     0,            0,            0,            1]
    },
    {
    id: 2,
    cMo: [  0.0120638,   -0.999271,   0.0363105,  -0.0360554,
             0.998197,   0.0141712,   0.0583485, -0.00975091,
           -0.0588203,   0.0355411,    0.997637,     0.35952,
                    0,           0,           0,           1],
    rMe: [   -0.720187,    -0.693779,  0.000395526,      -0.0046,
              0.693778,    -0.720187,   -0.0013504,      0.36906,
            0.00122173, -0.000698131,     0.999999,      0.26232,
                     0,            0,            0,            1]
    },
    {
    id: 3,
    cMo: [-0.0152519,   0.999233,  0.0360866, -0.0361965,
           -0.998527, -0.0171012,  0.0515048, -0.0069769,
           0.0520824, -0.0352479,   0.998021,   0.359219,
                   0,          0,          0,          1],
    rMe: [   -0.720187,    -0.693779,  0.000395526,      -0.0046,
              0.693778,    -0.720187,   -0.0013504,      0.36906,
            0.00122173, -0.000698131,     0.999999,      0.26232,
                     0,            0,            0,            1]
    }]
