%YAML:1.0
---
lMr: !!opencv-matrix
   rows: 4
   cols: 4
   dt: d
   data: [ -9.9845434553440038e-01, -1.7567199079696755e-02,
       5.2728677206681639e-02, 2.7707358401311253e-03,
       2.0570698654482425e-02, -9.9816394062102198e-01, 
       5.6970114979517587e-02, 1.6302374972981422e-02,
       5.1631058872916809e-02, 5.7966724596161902e-02,
       9.9698249362727254e-01, -2.5365816117201381e-03, 0., 0., 0., 1. ]
E: !!opencv-matrix
   rows: 3
   cols: 3
   dt: d
   data: [ 8.9388813794556565e-01, -1.5869290169392196e+00,
       1.6397691798684487e+01, 2.3896049077415142e+00,
       -1.1604984721861049e-01, -2.8961257200891808e+00,
       1.6334173106323068e+01, -2.4792615379829512e+00,
       -7.0175352826248227e-01 ]
F: !!opencv-matrix
   rows: 3
   cols: 3
   dt: d
   data: [ -1.5955989713155984e-07, 2.8326833615534597e-07,
       -1.8162100176654127e-03, -4.2654670309868100e-07,
       2.0715003827036139e-08, 4.4289738644544415e-04,
       -1.6565163763444010e-03, 1.8054341509123007e-04, 1. ]
R1: !!opencv-matrix
   rows: 3
   cols: 3
   dt: d
   data: [ -1.5314606097575070e-01, -9.8437378244736151e-01,
       -8.6916859342056008e-02, 9.8811749735280996e-01,
       -1.5370005751381838e-01, -3.2209543415544911e-04,
       -1.3042063978965837e-02, -8.5933397177837753e-02,
       9.9621551675159381e-01 ]
R2: !!opencv-matrix
   rows: 3
   cols: 3
   dt: d
   data: [ 1.6561902926772945e-01, 9.7446442879085149e-01,
       -1.5162260440229494e-01, -9.8390711328776170e-01,
       1.7372577254101235e-01, 4.1786940265735470e-02,
       6.7060640961436324e-02, 1.4226184652375456e-01,
       9.8755477694024318e-01 ]
P1: !!opencv-matrix
   rows: 3
   cols: 4
   dt: d
   data: [ 6.1442706298828125e+02, 0., 4.0733129978179932e+02, 0., 0.,
       6.1442706298828125e+02, 2.1792489624023438e+02, 0., 0., 0., 1.,
       0. ]
P2: !!opencv-matrix
   rows: 3
   cols: 4
   dt: d
   data: [ 6.1442706298828125e+02, 0., 4.0733129978179932e+02,
       1.0279103144700319e+04, 0., 6.1442706298828125e+02,
       2.1792489624023438e+02, 0., 0., 0., 1., 0. ]
Q: !!opencv-matrix
   rows: 4
   cols: 4
   dt: d
   data: [ 1., 0., 0., -4.0733129978179932e+02, 0., 1., 0.,
       -2.1792489624023438e+02, 0., 0., 0., 6.1442706298828125e+02, 0.,
       0., -5.9774384432076298e-02, 0. ]
