%YAML:1.0
---
hand_eye_type: "eye_to_hand" # eye_in_hand or eye_to_hand
eye_in_hand: {
    rMe_camera: [0.000159897,   -0.775451,   -0.631407,    -0.11253,
                    0.915803,    0.253704,   -0.311351,     0.43378,
                    0.401628,   -0.578195,    0.710201,     0.39202,
                           0,           0,           0,           1],
    eMc: [-0.04303105911,   0.9133704161,  -0.4048491211,  -0.07032521523,
            0.7833204313,   0.2823677769,    0.553784742,  -0.02167688102,
            0.6201269466,  -0.2932966442,  -0.7276122928,  -0.05505596808,
                       0,              0,              0,               1]
    }
eye_to_hand: {
    rMc: [-0.06607350159,   0.9976660344, -0.01722719586,    0.6159749343,
            0.9976123528,  0.06639798394,  0.01899740092,   0.01828234829,
           0.02009691271, -0.01593083859,  -0.9996711072,    0.9134051725,
                       0,              0,              0,               1]
    }

relative_motion: 1
rMe_base: [   0.999995,-0.00242546, 0.00211521,    0.62076,
            0.00244345,    0.99996,-0.00854687,    0.03416,
           -0.00209439, 0.00855199,   0.999961,    0.11888,
                     0,          0,          0,          1]

catch_pose: [{
    id: 0,
    cMo: [-0.0598656,-0.998169,0.00855616,-0.0118902,
          0.997419,-0.0594755,0.0402446,0.0246063,
          -0.0396621,0.0109433,0.999154,0.858689,
          0,0,0,1],
    rMe: [   0.999995,-0.00242546, 0.00211521,    0.62076,
            0.00244345,    0.99996,-0.00854687,    0.03416,
           -0.00209439, 0.00855199,   0.999961,    0.11888,
                     0,          0,          0,          1]
    },
    {
    id: 1,
    cMo: [-0.00547403,00000.99958,0000.028483,000.0132811,
          -0.998524,-0.00700299,000.0538602,000.0206147,
          000.0540372,-0.0281461,0000.998143,0000.858598,
          00000000000,00000000000,00000000000,00000000001],
    rMe: [   0.999995,-0.00242546, 0.00211521,    0.62076,
            0.00244345,    0.99996,-0.00854687,    0.03416,
           -0.00209439, 0.00855199,   0.999961,    0.11888,
                     0,          0,          0,          1]
    },
    {
    id: 2,
    cMo: [00000.997459,-0.0646632,-0.0300041,-0.000930792,
          0000.0661886,0000000.9964,0000.0530065,0000.0388307,
          0000.0264685,-0.0548576,00000.998143,00000.857681,
          000000000000,000000000000,000000000000,000000000001],
    rMe: [   0.999995,-0.00242546, 0.00211521,    0.62076,
            0.00244345,    0.99996,-0.00854687,    0.03416,
           -0.00209439, 0.00855199,   0.999961,    0.11888,
                     0,          0,          0,          1]
    },
    {
    id: 3,
    cMo: [-0.999191,-0.00282688,-0.0402403,-0.00151858,
          000.0008952,-0.998851,000.0479411,000.0131807,
          -0.0403302,000.0478656,0000.998041,00000.86087,
          00000000000,00000000000,00000000000,00000000001],
    rMe: [   0.999995,-0.00242546, 0.00211521,    0.62076,
            0.00244345,    0.99996,-0.00854687,    0.03416,
           -0.00209439, 0.00855199,   0.999961,    0.11888,
                     0,          0,          0,          1]
    }]
