%YAML:1.0
---
lMr: !!opencv-matrix
   rows: 4
   cols: 4
   dt: d
   data: [ -9.9845434553440038e-01, -1.7567199079696755e-02,
       5.2728677206681639e-02, 2.7707358401311253e-03,
       2.0570698654482425e-02, -9.9816394062102198e-01,
       5.6970114979517587e-02, 1.6302374972981422e-02,
       5.1631058872916809e-02, 5.7966724596161902e-02,
       9.9698249362727254e-01, -2.5365816117201381e-03, 0., 0., 0., 1. ]
R: !!opencv-matrix
   rows: 3
   cols: 3
   dt: d
   data: [ 9.9860957751890733e-01, 1.3301245125336246e-02,
       -5.1009690899134374e-02, -1.5085839728685423e-02,
       9.9928177061003443e-01, -3.4761478192891743e-02,
       5.0510683297594880e-02, 3.5482669073650455e-02,
       9.9809300722338490e-01 ]
T: !!opencv-matrix
   rows: 3
   cols: 1
   dt: d
   data: [ -8.3212355735518533e-03, -4.7776562394534677e-02,
       4.1750069268001759e-03 ]
E: !!opencv-matrix
   rows: 3
   cols: 3
   dt: d
   data: [ -2.3502433267942636e-03, -5.8672482670439246e-03,
       -4.7540323422915663e-02, 4.5895131980107935e-03,
       3.5079243867357424e-04, 8.0924012245827560e-03,
       4.7835665614319227e-02, -7.6797712499464734e-03,
       -2.1478092310404833e-03 ]
F: !!opencv-matrix
   rows: 3
   cols: 3
   dt: d
   data: [ 3.1242316994092262e-06, 7.7994652699641689e-06,
       3.6046749549664497e-02, -6.1009426687703846e-06,
       -4.6631619783038084e-07, -4.6390922349763882e-03,
       -3.8949822232976550e-02, 3.8978211727817361e-03, 1. ]
R1: !!opencv-matrix
   rows: 3
   cols: 3
   dt: d
   data: [ 9.8788978121441040e-01, -1.5456394394554196e-01,
       -1.3556083658041637e-02, 1.5157689988286316e-01,
       9.8006388749655993e-01, -1.2844928900944066e-01,
       3.3139456755428773e-02, 1.2483895088124421e-01,
       9.9162342285205485e-01 ]
R2: !!opencv-matrix
   rows: 3
   cols: 3
   dt: d
   data: [ 9.8515179578500922e-01, -1.6888484898091793e-01,
       3.0884414293686824e-02, 1.7095437248831849e-01,
       9.8153839914910623e-01, -8.5772801766848011e-02,
       -1.5828511891418800e-02, 8.9779055355368398e-02,
       9.9583591993400233e-01 ]
P1: !!opencv-matrix
   rows: 3
   cols: 4
   dt: d
   data: [ 6.1442700195312500e+02, 0., 3.1022728729248047e+02, 0., 0.,
       6.1442700195312500e+02, 3.1500407314300537e+02, 0., 0., 0., 1.,
       0. ]
P2: !!opencv-matrix
   rows: 3
   cols: 4
   dt: d
   data: [ 6.1442700195312500e+02, 0., 3.1022728729248047e+02, 0., 0.,
       6.1442700195312500e+02, 3.1500407314300537e+02,
       -2.9907347507900184e+01, 0., 0., 1., 0. ]
Q: !!opencv-matrix
   rows: 4
   cols: 4
   dt: d
   data: [ 1., 0., 0., -3.1022728729248047e+02, 0., 1., 0.,
       -3.1500407314300537e+02, 0., 0., 0., 6.1442700195312500e+02, 0.,
       0., 2.0544349571315905e+01, 0. ]
rms: 3.8404575761878201e-01
